##FastQC	0.10.1
>>Basic Statistics	pass
#Measure	Value	
Filename	5_LIB137_LDI110_CTTGTA_L008_R2_001.fastq.gz	
File type	Conventional base calls	
Encoding	Sanger / Illumina 1.9	
Total Sequences	30780881	
Filtered Sequences	0	
Sequence length	100	
%GC	51	
>>END_MODULE
>>Per base sequence quality	pass
#Base	Mean	Median	Lower Quartile	Upper Quartile	10th Percentile	90th Percentile
1	31.709163425179415	33.0	31.0	34.0	30.0	34.0
2	32.29324417322558	34.0	31.0	34.0	30.0	34.0
3	32.44362554145218	34.0	31.0	34.0	30.0	34.0
4	35.94597653004149	37.0	37.0	37.0	35.0	37.0
5	35.93671172049949	37.0	37.0	37.0	35.0	37.0
6	35.94948750817106	37.0	37.0	37.0	35.0	37.0
7	35.921692494766475	37.0	37.0	37.0	35.0	37.0
8	35.8274887583627	37.0	37.0	37.0	35.0	37.0
9	37.502850519450696	39.0	38.0	39.0	35.0	39.0
10-14	37.76174528597801	39.4	38.2	39.4	35.2	39.4
15-19	39.03209311000553	41.0	39.0	41.0	36.0	41.0
20-24	39.07710405689817	41.0	39.0	41.0	36.0	41.0
25-29	38.92501121719031	40.8	39.0	41.0	35.4	41.0
30-34	38.57286774865216	40.0	38.4	41.0	34.8	41.0
35-39	38.123879573167514	40.0	38.0	41.0	33.6	41.0
40-44	37.90581260490887	40.0	37.6	41.0	33.0	41.0
45-49	37.4421276765925	39.4	36.4	41.0	33.0	41.0
50-54	36.19665960828087	37.6	34.8	40.0	31.6	40.8
55-59	35.3641429626397	36.2	35.0	39.2	30.8	40.8
60-64	34.021946239940306	35.0	34.0	36.8	29.4	39.4
65-69	33.30994426702732	35.0	34.0	35.4	29.2	37.6
70-74	33.15872517748923	35.0	34.0	35.0	30.0	36.2
75-79	32.88658238859375	35.0	34.0	35.0	29.8	35.2
80-84	32.58951679128352	35.0	33.8	35.0	29.0	35.0
85-89	32.22310911113947	35.0	33.0	35.0	27.8	35.0
90-94	31.885866632602234	35.0	33.0	35.0	27.0	35.0
95-99	31.620517736318202	35.0	33.0	35.0	26.4	35.0
100	29.462272343666836	33.0	29.0	35.0	18.0	35.0
>>END_MODULE
>>Per sequence quality scores	pass
#Quality	Count
2	106479.0
3	31749.0
4	20958.0
5	17735.0
6	21389.0
7	34656.0
8	40513.0
9	36689.0
10	40075.0
11	55216.0
12	74024.0
13	72991.0
14	67051.0
15	62251.0
16	56681.0
17	48022.0
18	45633.0
19	45912.0
20	49585.0
21	56167.0
22	66140.0
23	78854.0
24	95965.0
25	121124.0
26	153212.0
27	195006.0
28	247476.0
29	312338.0
30	397711.0
31	509508.0
32	672879.0
33	929906.0
34	1377784.0
35	2520025.0
36	6899570.0
37	1.1939864E7
38	3189964.0
39	89764.0
40	15.0
>>END_MODULE
>>Per base sequence content	fail
#Base	G	A	T	C
1	29.789910520350194	10.518442840482628	10.812701919289895	48.87894471987728
2	26.773524816816618	18.070847576109887	30.940595611657045	24.215031995416446
3	28.039054929827994	21.83907101184302	20.651331355299632	29.470542703029345
4	29.844346479541755	28.115392468665192	16.755250380390542	25.285010671402507
5	29.682812010596464	31.04739556627058	19.356037417642945	19.91375500549001
6	22.75434897514489	33.180985848297475	22.275801813246197	21.788863363311442
7	20.74280985030072	17.028962203479345	38.982190307406164	23.246037638813768
8	22.31600625749547	19.99426748056846	28.532933027703205	29.156793234232868
9	23.10797704518626	19.70266310594488	30.491339394411387	26.698020454457478
10-14	25.80488966281183	24.784816443560956	23.57929122400509	25.831002669622126
15-19	25.848918830069668	24.001642741567117	24.226733656481237	25.92270477188198
20-24	25.925648838237635	24.122427427891722	24.368740117231354	25.58318361663929
25-29	25.91248756671115	24.138279347504692	24.066345718017327	25.882887367766834
30-34	25.791884365732493	24.083763317420203	24.267253586840436	25.857098730006868
35-39	25.817888894230563	24.16273619801498	24.145570549263038	25.873804358491427
40-44	25.78800904380895	24.122900164828557	24.16709188333506	25.921998908027426
45-49	25.841732080378076	23.857160553656666	24.24140556600703	26.05970179995823
50-54	25.865763881157267	24.08525473978474	24.24026394826061	25.808717430797383
55-59	25.974109654063366	24.095624653059065	24.055460396119983	25.87480529675758
60-64	25.74376517420235	24.111486181443333	24.329707435735372	25.81504120861895
65-69	25.77470805641631	24.190510897692832	24.29359644812393	25.74118459776693
70-74	25.76964986421371	24.274116061341285	24.21391163920345	25.742322435241555
75-79	25.846816089138734	24.235891185134566	24.006217234867183	25.91107549085951
80-84	25.826285760060248	24.291305736839288	24.148303768161263	25.7341047349392
85-89	25.764599545949356	24.404075488528104	24.136639065218336	25.694685900304204
90-94	25.747192150360153	24.347302389845495	24.15916934020303	25.746336119591323
95-99	25.858076650180024	24.609955470428908	23.88877897503193	25.643188904359143
100	25.94650783347076	24.506307128195232	23.65117841573569	25.896006622598318
>>END_MODULE
>>Per base GC content	fail
#Base	%GC
1	78.66885524022747
2	50.988556812233064
3	57.50959763285734
4	55.12935715094426
5	49.596567016086475
6	44.54321233845633
7	43.988847489114484
8	51.47279949172834
9	49.80599749964373
10-14	51.635892332433954
15-19	51.771623601951646
20-24	51.50883245487692
25-29	51.79537493447798
30-34	51.64898309573937
35-39	51.69169325272198
40-44	51.71000795183638
45-49	51.9014338803363
50-54	51.67448131195466
55-59	51.84891495082095
60-64	51.558806382821295
65-69	51.51589265418324
70-74	51.511972299455266
75-79	51.75789157999825
80-84	51.56039049499944
85-89	51.45928544625355
90-94	51.49352826995147
95-99	51.50126555453917
100	51.842514456069075
>>END_MODULE
>>Per sequence GC content	pass
#GC Content	Count
0	9631.0
1	5981.0
2	1815.0
3	1034.5
4	852.0
5	1237.0
6	1761.5
7	1616.0
8	930.5
9	433.0
10	227.0
11	195.0
12	203.5
13	199.0
14	167.5
15	165.0
16	190.0
17	232.5
18	289.5
19	353.5
20	511.5
21	724.0
22	970.5
23	1384.5
24	2094.5
25	3094.0
26	4406.5
27	6032.5
28	8326.5
29	12268.5
30	18000.5
31	23853.0
32	27446.0
33	33364.0
34	40880.0
35	51174.5
36	66643.5
37	94412.0
38	126718.5
39	149710.5
40	200277.5
41	288190.5
42	410101.5
43	524868.0
44	610011.0
45	717638.0
46	915543.0
47	1196570.5
48	1503912.5
49	1782963.5
50	2013368.0
51	2205857.5
52	2297068.5
53	2322840.0
54	2272410.0
55	2096767.5
56	1876166.0
57	1618734.5
58	1355740.0
59	1114855.5
60	861296.5
61	632602.0
62	469517.5
63	329741.5
64	206517.0
65	125851.5
66	67937.0
67	31839.5
68	13763.0
69	8963.0
70	6879.5
71	2679.5
72	1102.0
73	762.5
74	576.5
75	442.5
76	340.5
77	287.0
78	249.0
79	188.0
80	142.5
81	124.0
82	108.0
83	77.0
84	53.5
85	42.5
86	42.5
87	35.5
88	24.0
89	23.0
90	19.5
91	10.5
92	8.0
93	9.0
94	8.0
95	8.0
96	5.5
97	3.5
98	2.5
99	1.0
100	0.0
>>END_MODULE
>>Per base N content	pass
#Base	N-Count
1	0.01715350512547058
2	0.015444652152743776
3	0.0037555780161068163
4	5.1980318562032067E-5
5	0.0013904735215343577
6	0.035323875232810914
7	0.08975376630707874
8	0.2674939680901271
9	0.4666760512800137
10-14	0.5450929101087133
15-19	0.14601531385667615
20-24	0.0013397927109363764
25-29	2.2091635388863627E-5
30-34	0.08945033119747288
35-39	0.44547847737041707
40-44	0.3352321202242392
45-49	0.0
50-54	0.0
55-59	0.036497330924348786
60-64	0.5213970321382289
65-69	0.5932455279626336
70-74	2.780947043068715E-4
75-79	0.0020727152026610283
80-84	0.0046931730121694696
85-89	0.37377292742205787
90-94	0.7187312150032353
95-99	0.013820267197680274
100	0.004616502042290472
>>END_MODULE
>>Sequence Length Distribution	pass
#Length	Count
100	3.0780881E7
>>END_MODULE
>>Sequence Duplication Levels	fail
#Total Duplicate Percentage	88.50837403495223
#Duplication Level	Relative count
1	100.0
2	38.78635962979286
3	26.564565888056414
4	20.430255619215515
5	17.50495813133539
6	14.328999559277214
7	12.764433671220802
8	11.26597620096959
9	10.136624063464081
10++	299.12130894667257
>>END_MODULE
>>Overrepresented sequences	pass
>>END_MODULE
>>Kmer Content	warn
#Sequence	Count	Obs/Exp Overall	Obs/Exp Max	Max Obs/Exp Position
AAAAA	7446675	3.1538901	8.344905	2
TTCAG	6397365	2.3088067	5.952188	7
CTGAA	6321885	2.2926853	7.3966637	1
GCCAG	7019385	2.2010684	6.4238267	1
CTTCA	6092685	2.1870058	5.0836782	6
CTGGC	6708780	2.0934691	5.45292	1
TGAAA	5106655	2.0019093	5.737968	2
TTTCA	5122400	1.977941	5.610041	6
GAAAA	4989445	1.9654932	6.4075556	2
CTGGA	5324240	1.7959352	6.8764963	1
CTTTA	4632550	1.7887921	5.134324	6
AAAAC	4512565	1.7680624	5.6152616	3
CTTCG	5256765	1.7550721	5.024764	1
TTCAA	4521680	1.7544907	5.3559594	7
CGCCA	5407760	1.6865789	5.44133	1
CGAAA	4464620	1.6270232	5.4300675	1
AAATC	3980025	1.5518456	5.6227746	4
>>END_MODULE
