##FastQC	0.10.1
>>Basic Statistics	pass
#Measure	Value	
Filename	5_LIB137_LDI110_CTTGTA_L008_R1_001.fastq.gz	
File type	Conventional base calls	
Encoding	Sanger / Illumina 1.9	
Total Sequences	30780881	
Filtered Sequences	0	
Sequence length	100	
%GC	51	
>>END_MODULE
>>Per base sequence quality	pass
#Base	Mean	Median	Lower Quartile	Upper Quartile	10th Percentile	90th Percentile
1	32.85377988368819	34.0	31.0	34.0	31.0	34.0
2	32.9622466621407	34.0	31.0	34.0	31.0	34.0
3	32.83234768361568	34.0	31.0	34.0	31.0	34.0
4	36.38865550989265	37.0	37.0	37.0	35.0	37.0
5	36.35338611653123	37.0	37.0	37.0	35.0	37.0
6	36.34632995072493	37.0	37.0	37.0	35.0	37.0
7	36.32300248326226	37.0	37.0	37.0	35.0	37.0
8	36.268811604190276	37.0	37.0	37.0	35.0	37.0
9	37.9773095188536	39.0	38.0	39.0	35.0	39.0
10-14	38.331393912994244	39.4	38.8	39.4	35.8	39.4
15-19	39.529789780870786	41.0	39.4	41.0	37.0	41.0
20-24	39.505991046844954	41.0	39.6	41.0	37.0	41.0
25-29	39.416977064431656	41.0	39.0	41.0	37.0	41.0
30-34	39.15171307150046	40.6	39.0	41.0	35.8	41.0
35-39	38.74234406091235	40.0	38.0	41.0	35.0	41.0
40-44	38.284717484207164	40.0	37.6	41.0	34.0	41.0
45-49	37.808149864196544	39.4	36.4	41.0	33.8	41.0
50-54	37.09524047735995	38.2	35.2	40.4	33.2	41.0
55-59	35.98134495890484	36.4	35.0	39.2	32.4	41.0
60-64	34.777458741353115	35.0	34.4	37.0	31.2	39.4
65-69	33.85978400683203	35.0	34.0	35.4	30.2	37.6
70-74	33.471625110405384	35.0	34.0	35.0	30.0	36.2
75-79	32.848693810940624	34.6	33.0	35.0	29.2	35.2
80-84	32.857696015913255	35.0	33.0	35.0	29.2	35.0
85-89	32.439629833856934	35.0	33.0	35.0	28.6	35.0
90-94	31.98325938753995	35.0	33.0	35.0	27.0	35.0
95-99	31.537795367195628	34.0	32.8	35.0	26.6	35.0
100	28.268164221810284	32.0	27.0	34.0	17.0	35.0
>>END_MODULE
>>Per sequence quality scores	pass
#Quality	Count
2	182.0
3	85.0
4	114.0
5	232.0
6	533.0
7	1855.0
8	5003.0
9	9949.0
10	15089.0
11	20540.0
12	24184.0
13	28365.0
14	29416.0
15	32080.0
16	35711.0
17	39313.0
18	44201.0
19	47030.0
20	49675.0
21	54357.0
22	63560.0
23	78093.0
24	97152.0
25	124725.0
26	159961.0
27	205540.0
28	260989.0
29	332591.0
30	422488.0
31	535748.0
32	695862.0
33	951973.0
34	1432281.0
35	2729783.0
36	7688138.0
37	1.1767596E7
38	2734813.0
39	61669.0
40	5.0
>>END_MODULE
>>Per base sequence content	fail
#Base	G	A	T	C
1	29.602534366970612	11.533675671493281	11.194973875535677	47.66881608600043
2	25.992167781695912	18.615632787015624	31.38280942406741	24.009390007221057
3	27.45562740715576	22.525453381272616	21.127309513980446	28.891609697591175
4	29.104482097182338	28.705786556271732	17.291581095420888	24.89815025112504
5	29.733206791579487	31.144621883954528	19.330060760769	19.79211056369699
6	22.73144813496404	33.393677068567335	22.219789615508407	21.65508518096022
7	20.682926521823724	17.00764835158552	39.08105164371351	23.22837348287724
8	22.371188790860145	19.96957786880759	28.480419387606222	29.178813952726045
9	23.12060853618842	19.738739771613425	30.458247767502172	26.68240392469598
10-14	25.838647902740515	24.814479912277925	23.568398438741728	25.778473746239825
15-19	25.884962070248505	24.029828973054375	24.205294323093813	25.879914633603306
20-24	25.975153709842413	24.134754604095626	24.325058531562284	25.565033154499673
25-29	25.96497539409397	24.13811039075498	24.032313155812904	25.864601059338142
30-34	25.843292789442902	24.08620403035248	24.24406241003953	25.82644077016509
35-39	25.87229553555113	24.150614096860135	24.115528899778262	25.861561467810468
40-44	25.835050566799627	24.108015478050497	24.149909729611103	25.907024225538773
45-49	25.892072189146752	23.84748947070862	24.22506470919685	26.035373630947777
50-54	25.91967581676453	24.065893165136224	24.216654531381597	25.79777648671765
55-59	26.013576414528227	24.064205309783045	24.046864675510747	25.87535360017798
60-64	25.792837347736036	24.08255145462849	24.309389741114174	25.815221456521297
65-69	25.80058121452276	24.179675666048748	24.271808921494507	25.74793419793398
70-74	25.808005300433084	24.258070456138018	24.208079684268945	25.725844559159956
75-79	25.851168457459035	24.228576823385918	24.00552537791235	25.914729341242705
80-84	25.82247597136677	24.312699171930785	24.13282452831678	25.732000328385663
85-89	25.771752132164146	24.40924926139725	24.125453402096582	25.693545204342023
90-94	25.722180238207194	24.38537876672576	24.140431775290043	25.752009219777005
95-99	25.81230287746473	24.653741841516375	23.877502281032754	25.65645299998614
100	25.358221553177767	24.755080921822866	23.776661883069558	26.11003564192981
>>END_MODULE
>>Per base GC content	fail
#Base	%GC
1	77.27135045297105
2	50.00155778891697
3	56.34723710474694
4	54.00263234830738
5	49.52531735527648
6	44.38653331592426
7	43.91130000470097
8	51.55000274358619
9	49.8030124608844
10-14	51.617121648980344
15-19	51.76487670385181
20-24	51.54018686434208
25-29	51.82957645343211
30-34	51.66973355960799
35-39	51.73385700336161
40-44	51.7420747923384
45-49	51.92744582009453
50-54	51.71745230348218
55-59	51.888930014706204
60-64	51.60805880425734
65-69	51.548515412456744
70-74	51.53384985959304
75-79	51.76589779870173
80-84	51.55447629975244
85-89	51.46529733650617
90-94	51.474189457984195
95-99	51.468755877450874
100	51.46825719510757
>>END_MODULE
>>Per sequence GC content	pass
#GC Content	Count
0	7142.0
1	4931.0
2	2068.5
3	1098.5
4	921.0
5	1484.0
6	2251.0
7	2111.5
8	1202.5
9	542.5
10	250.0
11	177.0
12	158.0
13	149.5
14	126.0
15	107.5
16	115.5
17	114.0
18	122.0
19	157.5
20	199.0
21	260.0
22	326.5
23	483.5
24	805.0
25	1213.5
26	1735.0
27	2412.5
28	3679.0
29	6401.0
30	10606.0
31	15038.5
32	17454.0
33	22275.0
34	28845.0
35	38894.5
36	54498.0
37	82006.5
38	113831.0
39	136822.5
40	188403.0
41	278697.0
42	405544.0
43	522438.0
44	607509.0
45	721521.5
46	925362.0
47	1211066.0
48	1524242.5
49	1810022.0
50	2046342.0
51	2238032.0
52	2332845.0
53	2359891.5
54	2297870.0
55	2111854.5
56	1885956.5
57	1619282.0
58	1350152.0
59	1107340.0
60	850647.5
61	620690.0
62	457243.0
63	317148.0
64	194943.5
65	117248.5
66	61935.0
67	28191.0
68	11765.5
69	7657.0
70	5821.0
71	1951.0
72	560.0
73	343.5
74	248.5
75	177.5
76	140.5
77	102.0
78	75.0
79	51.0
80	35.0
81	31.5
82	19.0
83	13.0
84	8.5
85	4.0
86	3.5
87	4.0
88	2.0
89	0.5
90	0.0
91	0.0
92	0.0
93	0.5
94	1.0
95	1.0
96	1.5
97	1.0
98	0.0
99	0.0
100	0.5
>>END_MODULE
>>Per base N content	pass
#Base	N-Count
1	0.027237686926504804
2	2.4040897334939827E-4
3	0.0
4	0.0
5	0.0
6	0.0
7	0.0
8	0.0
9	0.0
10-14	0.007210319938535873
15-19	0.002926491935042405
20-24	0.005164894403119911
25-29	9.85676790732533E-4
30-34	0.0
35-39	0.0012293345339920581
40-44	0.014111356981627654
45-49	0.014614266563715313
50-54	0.00663008963258719
55-59	0.0
60-64	0.01779221328980155
65-69	0.18275305375437434
70-74	0.0
75-79	0.0
80-84	0.0
85-89	0.03647848805887005
90-94	0.2703587333968771
95-99	0.04870620824660607
100	0.0
>>END_MODULE
>>Sequence Length Distribution	pass
#Length	Count
100	3.0780881E7
>>END_MODULE
>>Sequence Duplication Levels	fail
#Total Duplicate Percentage	90.01638989392956
#Duplication Level	Relative count
1	100.0
2	43.414694585553214
3	30.194523603023168
4	23.841531408747368
5	19.356337504646266
6	16.955767562879444
7	14.109156238384339
8	12.681204311733365
9	11.432907942014621
10++	347.5157972989716
>>END_MODULE
>>Overrepresented sequences	pass
>>END_MODULE
>>Kmer Content	warn
#Sequence	Count	Obs/Exp Overall	Obs/Exp Max	Max Obs/Exp Position
AAAAA	7053070	2.9555058	8.568689	2
CTGAA	6420870	2.3184123	7.5609007	1
TTCAG	6376805	2.2949483	5.978179	7
GCCAG	6986725	2.188103	6.2376347	1
CTTCA	6092600	2.1831427	5.1088223	6
CTGGC	6780715	2.1166184	5.0151334	1
TGAAA	5161235	2.0086787	5.9290657	2
TTTCA	5094275	1.9610777	5.5775023	6
GAAAA	4988355	1.9477861	6.384034	2
CTGGA	5338840	1.79628	6.5023255	1
CTTTA	4600865	1.7711359	5.0198627	6
TTCAA	4563390	1.7624916	5.427461	7
AAAAC	4517350	1.7562137	5.7914486	3
AAAAT	3998065	1.669846	5.2005424	3
CGAAA	4481920	1.6236333	5.3690066	1
AAATC	4007350	1.5528297	5.7612977	4
>>END_MODULE
